[logo.jpg]
filters=MuseumMatte=1,2.339181,2.339181,001a0e03,00f0eae4;
moddate=4aef0981d3fcd801
width=283
height=112
textactive=0
